<?xml version="1.0" encoding="UTF-8" standalone="no"?>
<!DOCTYPE svg PUBLIC "-//W3C//DTD SVG 20010904//EN"
              "http://www.w3.org/TR/2001/REC-SVG-20010904/DTD/svg10.dtd">

<svg xmlns="http://www.w3.org/2000/svg"
     width="5.42222in" height="5.48889in"
     viewBox="0 0 488 494">
  <path id="Selection #1"
        fill="none" stroke="black" stroke-width="1"
        d="M 241.00,11.44
           C 241.00,11.44 258.00,12.00 258.00,12.00
             277.43,12.23 306.73,19.69 325.00,26.58
             397.96,54.10 452.91,114.14 471.87,190.00
             475.32,203.77 478.83,222.89 479.00,237.00
             479.00,237.00 479.00,259.00 479.00,259.00
             478.97,277.46 472.73,307.45 466.66,325.00
             442.27,395.51 386.30,451.29 315.00,473.97
             287.77,482.63 262.41,485.33 234.00,485.00
             234.00,485.00 224.00,484.09 224.00,484.09
             204.08,482.70 184.97,478.99 166.00,472.67
             68.57,440.19 3.81,346.02 5.00,244.00
             5.00,244.00 5.91,234.00 5.91,234.00
             8.20,201.20 16.23,170.47 30.97,141.00
             60.30,82.34 115.22,38.32 178.00,20.43
             190.11,16.97 215.71,12.06 228.00,12.00
             233.19,11.98 235.71,12.15 241.00,11.44 Z
           M 228.00,25.28
           C 228.00,25.28 214.00,26.17 214.00,26.17
             203.57,27.17 193.07,29.55 183.00,32.43
             143.89,43.59 112.71,62.29 84.00,91.00
             64.52,110.48 53.29,125.13 41.26,150.00
             34.34,164.28 26.84,184.52 23.42,200.00
             21.13,210.40 19.02,229.40 19.00,240.00
             19.00,240.00 20.29,279.00 20.29,279.00
             24.27,310.99 38.75,347.39 56.74,374.00
             68.19,390.93 87.16,410.69 103.00,423.54
             122.39,439.28 141.76,449.66 165.00,458.42
             185.06,465.99 202.84,469.12 224.00,471.17
             224.00,471.17 233.00,472.00 233.00,472.00
             233.00,472.00 251.00,472.00 251.00,472.00
             279.85,471.96 316.30,461.61 342.00,448.75
             367.14,436.18 390.51,419.36 408.87,398.00
             416.63,388.97 424.87,378.99 431.31,369.00
             450.33,339.47 462.68,304.01 465.09,269.00
             465.09,269.00 466.00,257.00 466.00,257.00
             466.00,257.00 466.00,239.00 466.00,239.00
             466.00,239.00 464.90,229.00 464.90,229.00
             464.90,229.00 464.90,220.00 464.90,220.00
             458.00,165.44 428.36,111.52 386.00,76.61
             362.22,57.02 340.16,45.02 311.00,35.33
             286.53,27.21 253.70,22.89 228.00,25.28 Z
           M 132.00,185.13
           C 143.77,183.29 141.00,200.76 141.00,208.00
             141.00,208.00 141.00,287.00 141.00,287.00
             140.99,290.46 141.22,294.91 139.15,297.85
             136.12,302.15 130.89,301.23 128.45,296.89
             126.59,293.57 127.04,288.73 127.00,285.00
             127.00,285.00 126.00,270.00 126.00,270.00
             126.00,270.00 126.00,212.00 126.00,212.00
             126.00,207.49 125.34,193.31 127.02,190.00
             128.34,187.41 129.70,186.61 132.00,185.13 Z
           M 349.00,184.87
           C 357.18,184.59 357.99,190.47 358.00,197.00
             358.00,197.00 358.00,283.00 358.00,283.00
             357.93,288.70 358.00,302.55 349.04,300.53
             342.82,299.12 343.01,290.95 343.00,286.00
             343.00,286.00 343.00,211.00 343.00,211.00
             343.00,206.55 342.30,192.27 344.02,189.04
             345.37,186.52 346.63,186.02 349.00,184.87 Z
           M 185.28,214.03
           C 194.54,210.83 194.97,219.36 195.00,226.00
             195.00,226.00 195.00,313.00 195.00,313.00
             194.99,316.53 195.00,322.79 193.02,325.77
             190.61,329.39 185.50,329.57 183.17,325.77
             181.78,323.50 182.00,319.62 181.96,317.00
             181.96,317.00 181.96,303.00 181.96,303.00
             181.96,303.00 181.00,291.00 181.00,291.00
             181.00,291.00 181.00,249.00 181.00,249.00
             181.00,249.00 182.00,234.00 182.00,234.00
             182.01,227.62 180.30,218.80 185.28,214.03 Z
           M 294.11,213.74
           C 297.78,212.94 300.59,213.07 302.26,217.06
             303.32,219.60 302.99,226.91 303.00,230.00
             303.00,230.00 304.00,245.00 304.00,245.00
             304.00,245.00 304.00,311.00 304.00,311.00
             303.93,316.69 303.99,330.68 295.05,328.67
             289.13,327.34 289.06,314.05 289.00,309.00
             289.00,309.00 289.00,231.00 289.00,231.00
             289.01,225.10 288.61,217.22 294.11,213.74 Z
           M 242.01,241.76
           C 243.76,241.80 244.92,241.53 246.40,242.87
             248.41,244.67 248.96,255.06 249.00,258.00
             249.00,258.00 249.00,341.00 249.00,341.00
             248.94,345.85 248.89,358.99 241.04,356.92
             235.16,355.37 236.27,348.57 235.83,344.00
             235.83,344.00 235.00,335.00 235.00,335.00
             235.00,335.00 235.00,268.00 235.00,268.00
             235.00,268.00 235.96,255.00 235.96,255.00
             236.09,251.97 235.64,247.80 237.17,245.13
             238.53,242.78 239.67,242.56 242.01,241.76 Z" />
</svg>
